function definput=arg_absolutethreshold(definput)

  definput.keyvals.deffreq=[125,160,200,250,315,400,500,630,800,1000,...
                      1250,1600,2000,2500,3150,4000,5000,6300,8000];
  
  definput.keyvals.level = [];
  
  definput.groups.iso226_2003={'level',[22.1,17.9,14.4,11.4,8.6,6.2,4.4,3.0,2.2,2.4,...
                      3.5,1.7,-1.3,-4.2,-6.0,-5.4,-1.5,6.0,12.6]};
  
  definput.groups.map={'level',[23.80,19.6,16.6,14.1,11.7,9.4,7.9,7.1,7.0,6.7,...
                      8.2,9.5,12.4,14.3,10.7,10.6,10.9, 14.1, 16.1]};
  
  definput.groups.er3a={'level',[28.0,24.5,21.5,17.5,15.5,13.0,9.5,7.5,5.5,5.5,...
                      8.5,9.5,11.5,13.5,13.0,15.0,18.5,16.0,15.5]};
  
  definput.groups.er2a={'level',[30.1,27.1,24.0,21.0,18.2,15.5,12.7,10.9,9.0,9.2,...
                      11.1,12.9,15.3,15.8,16.2,17.1,18.6,20.1,18.8]};
